639611842425
639260917102
639268638932
639700237273
639700237048
639700237077
639700297608
639700237073
639700237262
639700237245
639700297675
639700237054
639700237234
639301731549
639700297589
639700297612
639301734430
639700237279
639700237065
639700237043
639700237051
639700237239
639700237060
639700237246
639700237277
639700237075
639700237261
639700237231
639700297655
639700237254
639700297590
639700237257
639700297588
639700237255
639700237249
639700237280
639700237264
639700237074
639700237251
639700297591
639301731738
639301734467
639700237064
639301731499
639301731238
639301731608
639301731674
639700297673
639301734366
639301734519
639301731357
639301731240
639301733071
